+1.00E+00	1.00E+02	0
+1.58E+00	1.26E+02	0
+2.51E+00,	1.58E+02,	0
+3.98E+00,	2.00E+02,	0
+6.31E+00,	2.51E+02,	0
+1.00E+01,	3.16E+02,	0
+1.58E+01,	3.98E+02,	0
+2.51E+01,	5.01E+02,	0
+3.98E+01,	6.31E+02,	0
+6.31E+01,	7.94E+02,	0
+1.00E+02,	1.00E+03,	0
+1.58E+02,	1.26E+03,	0
+2.51E+02,	1.58E+03,	0
+3.98E+02,	2.00E+03,	0
+6.31E+02,	2.51E+03,	0
+1.00E+03,	3.16E+03,	0
+1.58E+03,	3.98E+03,	0
+2.51E+03,	5.01E+03,	0
+3.98E+03,	6.31E+03,	0
+6.31E+03,	7.94E+03,	0
+1.00E+04,	1.00E+04,	0
+1.58E+04,	1.26E+04,	0
+2.51E+04,	1.58E+04,	0
+3.98E+04,	2.00E+04,	0
+6.31E+04,	2.51E+04,	0
+1.00E+05,	3.16E+04,	0
+1.58E+05,	3.98E+04,	0
+2.51E+05,	5.01E+04,	0
+3.98E+05,	6.31E+04,	0
+6.31E+05,	7.94E+04,	0
+1.00E+06,	1.00E+05,	0
+1.58E+06,	1.26E+05,	0
+2.51E+06,	1.58E+05,	0
+3.98E+06,	2.00E+05,	0
+6.31E+06,	2.51E+05,	0
+1.00E+07,	3.16E+05,	0
+1.58E+07,	3.98E+05,	0
+2.51E+07,	5.01E+05,	0
+3.98E+07,	6.31E+05,	0
+6.31E+07,	7.94E+05,	0
+1.00E+08,	1.00E+06,	0
