0     0
0.01  0
0.05  0.000101375    
0.1   0.000966413  
0.15  0.00296971   
0.2   0.00552359   
0.25  0.0079216    
0.3   0.00976897   
0.35  0.0109499    
0.4   0.0114802    
0.45  0.0113615    
0.5   0.0102629    
0.55  0.00787082   
0.6   0.00489489   
0.65  0.00218057   
0.7   0.000104594  
0.75  -0.00117818  
0.8   -0.00173215  
0.85  -0.00173499  
0.9   -0.0014034   
0.95  -0.000931047 
1     -0.00046485  
1.05  -9.16536e-005
1.1   0.0001   
1.15  0.0001 
1.2   0.00005  
1.25  0.00001 
1.3   0.0000
1.305   0
1.31  0
1.35  -0.000101375    
1.4   -0.000966413  
1.45  -0.00296971   
1.5   -0.00552359   
1.55  -0.0079216    
1.6   -0.00976897   
1.65  -0.0109499    
1.7   -0.0114802    
1.75  -0.0113615    
1.8   -0.0102629    
1.85  -0.00787082   
1.9   -0.00489489   
1.95  -0.00218057   
2.0   -0.000104594  
2.05  +0.00117818  
2.1  +0.00173215  
2.15  +0.00173499  
2.2   +0.0014034   
2.25  +0.000931047 
2.3     +0.00046485  
2.35  +9.16536e-005
2.4   -0.0001   
2.45  -0.0001 
2.5   -0.00005  
2.55  -0.00001 
2.6   -0.0000
